<?xml version="1.0"?>
<opencv_storage>
<cameraMatrix type_id="opencv-matrix">
  <rows>3</rows>
  <cols>3</cols>
  <dt>d</dt>
  <data>
    9.9117351939869445e+02 0. 6.3486398452806372e+02 0.
    9.9215063448505430e+02 4.7751257433767074e+02 0. 0. 1.</data></cameraMatrix>
<distCoeffs type_id="opencv-matrix">
  <rows>1</rows>
  <cols>5</cols>
  <dt>d</dt>
  <data>
    -4.2343544904770380e-01 2.3585970176106452e-01
    -3.6635097111655131e-04 -1.1185925097376645e-03
    -5.6657709423763074e-02</data></distCoeffs>
</opencv_storage>
